iter,train_rmse,valid_rmse,eta,max_depth,min_child_weight,gamma,subsample,colsample_bytree,eval_metric,objective,seed,nfold,nthread,silent
96,6.15817,6.159298,0.3,1,23,0.5,0.5,0.5,rmse,reg:linear,123,5,8,1
99,3.883818,3.864432,0.3,2,23,0.5,0.5,0.5,rmse,reg:linear,123,5,8,1
40,3.777865,3.795322,0.3,4,23,0.5,0.5,0.5,rmse,reg:linear,123,5,8,1
74,6.15802,6.156605,0.3,1,25,0.5,0.5,0.5,rmse,reg:linear,123,5,8,1
99,3.889382,3.864219,0.3,2,25,0.5,0.5,0.5,rmse,reg:linear,123,5,8,1
39,3.768101,3.790678,0.3,4,25,0.5,0.5,0.5,rmse,reg:linear,123,5,8,1
98,6.156561,6.157434,0.3,1,27,0.5,0.5,0.5,rmse,reg:linear,123,5,8,1
100,3.881828,3.859374,0.3,2,27,0.5,0.5,0.5,rmse,reg:linear,123,5,8,1
29,3.789259,3.795841,0.3,4,27,0.5,0.5,0.5,rmse,reg:linear,123,5,8,1
62,6.160569,6.157777,0.3,1,23,0.6,0.5,0.5,rmse,reg:linear,123,5,8,1
100,3.88629,3.863975,0.3,2,23,0.6,0.5,0.5,rmse,reg:linear,123,5,8,1
29,3.787106,3.786907,0.3,4,23,0.6,0.5,0.5,rmse,reg:linear,123,5,8,1
68,6.15875,6.157689,0.3,1,25,0.6,0.5,0.5,rmse,reg:linear,123,5,8,1
100,3.884202,3.864398,0.3,2,25,0.6,0.5,0.5,rmse,reg:linear,123,5,8,1
78,3.735211,3.790834,0.3,4,25,0.6,0.5,0.5,rmse,reg:linear,123,5,8,1
94,6.156961,6.154746,0.3,1,27,0.6,0.5,0.5,rmse,reg:linear,123,5,8,1
100,3.886243,3.866539,0.3,2,27,0.6,0.5,0.5,rmse,reg:linear,123,5,8,1
34,3.782847,3.793212,0.3,4,27,0.6,0.5,0.5,rmse,reg:linear,123,5,8,1
94,6.156442,6.156314,0.3,1,23,0.7,0.5,0.5,rmse,reg:linear,123,5,8,1
100,3.886711,3.864243,0.3,2,23,0.7,0.5,0.5,rmse,reg:linear,123,5,8,1
35,3.774437,3.785212,0.3,4,23,0.7,0.5,0.5,rmse,reg:linear,123,5,8,1
70,6.158955,6.153838,0.3,1,25,0.7,0.5,0.5,rmse,reg:linear,123,5,8,1
100,3.892537,3.87424,0.3,2,25,0.7,0.5,0.5,rmse,reg:linear,123,5,8,1
31,3.788375,3.789309,0.3,4,25,0.7,0.5,0.5,rmse,reg:linear,123,5,8,1
99,6.157429,6.154154,0.3,1,27,0.7,0.5,0.5,rmse,reg:linear,123,5,8,1
95,3.893937,3.87121,0.3,2,27,0.7,0.5,0.5,rmse,reg:linear,123,5,8,1
30,3.779316,3.793132,0.3,4,27,0.7,0.5,0.5,rmse,reg:linear,123,5,8,1
