iter,train_rmse,valid_rmse,eta,max_depth,min_child_weight,gamma,subsample,colsample_bytree,eval_metric,objective,seed,nfold,nthread,silent
100,3.767818,3.784545,0.1,4,18,0.7,0.5,0.5,rmse,reg:linear,123,5,8,1
73,3.748225,3.773877,0.1,5,18,0.7,0.5,0.5,rmse,reg:linear,123,5,8,1
71,3.715171,3.777404,0.1,6,18,0.7,0.5,0.5,rmse,reg:linear,123,5,8,1
98,3.770878,3.781767,0.1,4,20,0.7,0.5,0.5,rmse,reg:linear,123,5,8,1
67,3.754627,3.776723,0.1,5,20,0.7,0.5,0.5,rmse,reg:linear,123,5,8,1
71,3.715308,3.776221,0.1,6,20,0.7,0.5,0.5,rmse,reg:linear,123,5,8,1
99,3.77068,3.781815,0.1,4,22,0.7,0.5,0.5,rmse,reg:linear,123,5,8,1
86,3.740272,3.781311,0.1,5,22,0.7,0.5,0.5,rmse,reg:linear,123,5,8,1
71,3.718104,3.777254,0.1,6,22,0.7,0.5,0.5,rmse,reg:linear,123,5,8,1
100,3.772045,3.783358,0.1,4,18,0.1,0.5,0.5,rmse,reg:linear,123,5,8,1
80,3.74416,3.776076,0.1,5,18,0.1,0.5,0.5,rmse,reg:linear,123,5,8,1
70,3.713196,3.77853,0.1,6,18,0.1,0.5,0.5,rmse,reg:linear,123,5,8,1
99,3.769506,3.781317,0.1,4,20,0.1,0.5,0.5,rmse,reg:linear,123,5,8,1
68,3.748527,3.77598,0.1,5,20,0.1,0.5,0.5,rmse,reg:linear,123,5,8,1
73,3.713315,3.778159,0.1,6,20,0.1,0.5,0.5,rmse,reg:linear,123,5,8,1
100,3.771453,3.77941,0.1,4,22,0.1,0.5,0.5,rmse,reg:linear,123,5,8,1
81,3.740592,3.774986,0.1,5,22,0.1,0.5,0.5,rmse,reg:linear,123,5,8,1
75,3.709791,3.774446,0.1,6,22,0.1,0.5,0.5,rmse,reg:linear,123,5,8,1
100,3.77196,3.783078,0.1,4,18,1.2,0.5,0.5,rmse,reg:linear,123,5,8,1
79,3.74577,3.775849,0.1,5,18,1.2,0.5,0.5,rmse,reg:linear,123,5,8,1
74,3.710867,3.776723,0.1,6,18,1.2,0.5,0.5,rmse,reg:linear,123,5,8,1
94,3.777858,3.778517,0.1,4,20,1.2,0.5,0.5,rmse,reg:linear,123,5,8,1
72,3.747794,3.775688,0.1,5,20,1.2,0.5,0.5,rmse,reg:linear,123,5,8,1
79,3.702951,3.779004,0.1,6,20,1.2,0.5,0.5,rmse,reg:linear,123,5,8,1
99,3.772243,3.783025,0.1,4,22,1.2,0.5,0.5,rmse,reg:linear,123,5,8,1
81,3.743294,3.776238,0.1,5,22,1.2,0.5,0.5,rmse,reg:linear,123,5,8,1
72,3.716013,3.775699,0.1,6,22,1.2,0.5,0.5,rmse,reg:linear,123,5,8,1
