iter,train_rmse,valid_rmse,eta,max_depth,min_child_weight,gamma,subsample,colsample_bytree,eval_metric,objective,seed,nfold,nthread,silent
200,3.469012,3.622376,0.1,5,16,0.7,0.6,0.6,rmse,reg:linear,123,5,8,1
255,3.415637,3.613493,0.1,5,16,0.7,0.6,0.6,rmse,reg:linear,123,5,8,1
199,3.462339,3.615082,0.1,5,16,0.7,0.7,0.6,rmse,reg:linear,123,5,8,1
300,3.390419,3.611438,0.1,5,16,0.7,0.7,0.6,rmse,reg:linear,123,5,8,1
200,3.458216,3.610652,0.1,5,16,0.7,0.8,0.6,rmse,reg:linear,123,5,8,1
259,3.419909,3.607859,0.1,5,16,0.7,0.8,0.6,rmse,reg:linear,123,5,8,1
194,3.472978,3.613129,0.1,5,16,0.7,0.6,0.7,rmse,reg:linear,123,5,8,1
300,3.402704,3.613724,0.1,5,16,0.7,0.6,0.7,rmse,reg:linear,123,5,8,1
197,3.46753,3.612259,0.1,5,16,0.7,0.7,0.7,rmse,reg:linear,123,5,8,1
300,3.383285,3.611165,0.1,5,16,0.7,0.7,0.7,rmse,reg:linear,123,5,8,1
200,3.472144,3.61623,0.1,5,16,0.7,0.8,0.7,rmse,reg:linear,123,5,8,1
297,3.383033,3.602366,0.1,5,16,0.7,0.8,0.7,rmse,reg:linear,123,5,8,1
199,3.185723,3.344298,0.1,5,16,0.7,0.6,0.8,rmse,reg:linear,123,5,8,1
299,3.090268,3.323578,0.1,5,16,0.7,0.6,0.8,rmse,reg:linear,123,5,8,1
200,3.180855,3.343146,0.1,5,16,0.7,0.7,0.8,rmse,reg:linear,123,5,8,1
300,3.087389,3.316125,0.1,5,16,0.7,0.7,0.8,rmse,reg:linear,123,5,8,1
198,3.186647,3.346221,0.1,5,16,0.7,0.8,0.8,rmse,reg:linear,123,5,8,1
300,3.085883,3.316998,0.1,5,16,0.7,0.8,0.8,rmse,reg:linear,123,5,8,1
