iter,train_rmse,valid_rmse,eta,max_depth,min_child_weight,gamma,subsample,colsample_bytree,eval_metric,objective,seed,nfold,nthread,silent
300,3.088077,3.327831,0.1,5,16,0.7,0.65,0.75,rmse,reg:linear,123,5,8,1
400,2.983083,3.303035,0.1,5,16,0.7,0.65,0.75,rmse,reg:linear,123,5,8,1
300,3.086876,3.321157,0.1,5,16,0.7,0.7,0.75,rmse,reg:linear,123,5,8,1
396,3.006433,3.303665,0.1,5,16,0.7,0.7,0.75,rmse,reg:linear,123,5,8,1
300,3.094782,3.321697,0.1,5,16,0.7,0.75,0.75,rmse,reg:linear,123,5,8,1
399,2.99633,3.303423,0.1,5,16,0.7,0.75,0.75,rmse,reg:linear,123,5,8,1
300,3.08445,3.322517,0.1,5,16,0.7,0.65,0.8,rmse,reg:linear,123,5,8,1
400,2.993259,3.301497,0.1,5,16,0.7,0.65,0.8,rmse,reg:linear,123,5,8,1
299,3.086553,3.31868,0.1,5,16,0.7,0.7,0.8,rmse,reg:linear,123,5,8,1
400,3.010305,3.306779,0.1,5,16,0.7,0.7,0.8,rmse,reg:linear,123,5,8,1
300,3.081198,3.319792,0.1,5,16,0.7,0.75,0.8,rmse,reg:linear,123,5,8,1
400,3.005007,3.297346,0.1,5,16,0.7,0.75,0.8,rmse,reg:linear,123,5,8,1
300,3.084373,3.318242,0.1,5,16,0.7,0.65,0.85,rmse,reg:linear,123,5,8,1
397,3.012705,3.307808,0.1,5,16,0.7,0.65,0.85,rmse,reg:linear,123,5,8,1
300,3.089247,3.317012,0.1,5,16,0.7,0.7,0.85,rmse,reg:linear,123,5,8,1
400,3.010305,3.311329,0.1,5,16,0.7,0.7,0.85,rmse,reg:linear,123,5,8,1
300,3.087116,3.318721,0.1,5,16,0.7,0.75,0.85,rmse,reg:linear,123,5,8,1
399,2.998421,3.304831,0.1,5,16,0.7,0.75,0.85,rmse,reg:linear,123,5,8,1
