iter,train_rmse,valid_rmse,eta,max_depth,min_child_weight,gamma,subsample,colsample_bytree,eval_metric,objective,seed,nfold,nthread,silent
300,3.090102,3.324913,0.1,5,16,0.7,0.7,0.825,rmse,reg:linear,123,5,8,1
398,3.006513,3.304235,0.1,5,16,0.7,0.7,0.825,rmse,reg:linear,123,5,8,1
300,3.086876,3.321157,0.1,5,16,0.7,0.7,0.85,rmse,reg:linear,123,5,8,1
396,3.006433,3.303665,0.1,5,16,0.7,0.7,0.85,rmse,reg:linear,123,5,8,1
299,3.028935,3.258963,0.1,5,16,0.7,0.7,0.875,rmse,reg:linear,123,5,8,1
400,2.936032,3.228566,0.1,5,16,0.7,0.7,0.875,rmse,reg:linear,123,5,8,1
300,3.07852,3.315728,0.1,5,16,0.7,0.7,0.825,rmse,reg:linear,123,10,8,1
400,3.001058,3.305345,0.1,5,16,0.7,0.7,0.825,rmse,reg:linear,123,10,8,1
299,3.086553,3.31868,0.1,5,16,0.7,0.7,0.85,rmse,reg:linear,123,10,8,1
400,3.010305,3.306779,0.1,5,16,0.7,0.7,0.85,rmse,reg:linear,123,10,8,1
300,3.007267,3.251146,0.1,5,16,0.7,0.7,0.875,rmse,reg:linear,123,10,8,1
400,2.938438,3.234923,0.1,5,16,0.7,0.7,0.875,rmse,reg:linear,123,10,8,1
300,3.08088,3.319101,0.1,5,16,0.7,0.7,0.825,rmse,reg:linear,123,15,8,1
400,3.011085,3.310971,0.1,5,16,0.7,0.7,0.825,rmse,reg:linear,123,15,8,1
300,3.089247,3.317012,0.1,5,16,0.7,0.7,0.85,rmse,reg:linear,123,15,8,1
400,3.010305,3.311329,0.1,5,16,0.7,0.7,0.85,rmse,reg:linear,123,15,8,1
300,3.026474,3.252812,0.1,5,16,0.7,0.7,0.875,rmse,reg:linear,123,15,8,1
400,2.918417,3.221769,0.1,5,16,0.7,0.7,0.875,rmse,reg:linear,123,15,8,1
