iter,train_rmse,valid_rmse,eta,max_depth,min_child_weight,gamma,subsample,colsample_bytree,eval_metric,objective,seed,nfold,nthread,silent
93,3.883452,3.861214,0.3,2,10,0.4,0.5,0.5,rmse,reg:linear,123,5,8,1
19,3.6862,3.788179,0.3,7,10,0.4,0.5,0.5,rmse,reg:linear,123,5,8,1
16,3.558202,3.854316,0.3,12,10,0.4,0.5,0.5,rmse,reg:linear,123,5,8,1
98,3.874513,3.853742,0.3,2,15,0.4,0.5,0.5,rmse,reg:linear,123,5,8,1
19,3.702558,3.784225,0.3,7,15,0.4,0.5,0.5,rmse,reg:linear,123,5,8,1
16,3.567864,3.858715,0.3,12,15,0.4,0.5,0.5,rmse,reg:linear,123,5,8,1
100,3.885247,3.866171,0.3,2,20,0.4,0.5,0.5,rmse,reg:linear,123,5,8,1
20,3.709604,3.797245,0.3,7,20,0.4,0.5,0.5,rmse,reg:linear,123,5,8,1
18,3.578262,3.843331,0.3,12,20,0.4,0.5,0.5,rmse,reg:linear,123,5,8,1
100,3.896341,3.874646,0.3,2,25,0.4,0.5,0.5,rmse,reg:linear,123,5,8,1
21,3.703738,3.796976,0.3,7,25,0.4,0.5,0.5,rmse,reg:linear,123,5,8,1
17,3.580348,3.843802,0.3,12,25,0.4,0.5,0.5,rmse,reg:linear,123,5,8,1
99,3.888735,3.871114,0.3,2,10,0.6000000000000001,0.5,0.5,rmse,reg:linear,123,5,8,1
18,3.705778,3.79526,0.3,7,10,0.6000000000000001,0.5,0.5,rmse,reg:linear,123,5,8,1
18,3.488963,3.854166,0.3,12,10,0.6000000000000001,0.5,0.5,rmse,reg:linear,123,5,8,1
100,3.883683,3.860492,0.3,2,15,0.6000000000000001,0.5,0.5,rmse,reg:linear,123,5,8,1
21,3.698289,3.797019,0.3,7,15,0.6000000000000001,0.5,0.5,rmse,reg:linear,123,5,8,1
17,3.529901,3.849767,0.3,12,15,0.6000000000000001,0.5,0.5,rmse,reg:linear,123,5,8,1
98,3.883044,3.857582,0.3,2,20,0.6000000000000001,0.5,0.5,rmse,reg:linear,123,5,8,1
19,3.725323,3.792106,0.3,7,20,0.6000000000000001,0.5,0.5,rmse,reg:linear,123,5,8,1
16,3.593422,3.855845,0.3,12,20,0.6000000000000001,0.5,0.5,rmse,reg:linear,123,5,8,1
99,3.898106,3.875396,0.3,2,25,0.6000000000000001,0.5,0.5,rmse,reg:linear,123,5,8,1
19,3.726054,3.801637,0.3,7,25,0.6000000000000001,0.5,0.5,rmse,reg:linear,123,5,8,1
17,3.591196,3.838914,0.3,12,25,0.6000000000000001,0.5,0.5,rmse,reg:linear,123,5,8,1
94,3.886936,3.866157,0.3,2,10,0.8,0.5,0.5,rmse,reg:linear,123,5,8,1
19,3.702159,3.785643,0.3,7,10,0.8,0.5,0.5,rmse,reg:linear,123,5,8,1
16,3.541375,3.850595,0.3,12,10,0.8,0.5,0.5,rmse,reg:linear,123,5,8,1
100,3.885174,3.864978,0.3,2,15,0.8,0.5,0.5,rmse,reg:linear,123,5,8,1
19,3.712261,3.794007,0.3,7,15,0.8,0.5,0.5,rmse,reg:linear,123,5,8,1
17,3.55678,3.850482,0.3,12,15,0.8,0.5,0.5,rmse,reg:linear,123,5,8,1
100,3.886722,3.862054,0.3,2,20,0.8,0.5,0.5,rmse,reg:linear,123,5,8,1
20,3.715511,3.7879,0.3,7,20,0.8,0.5,0.5,rmse,reg:linear,123,5,8,1
17,3.578791,3.841223,0.3,12,20,0.8,0.5,0.5,rmse,reg:linear,123,5,8,1
100,3.883715,3.861763,0.3,2,25,0.8,0.5,0.5,rmse,reg:linear,123,5,8,1
20,3.710223,3.793353,0.3,7,25,0.8,0.5,0.5,rmse,reg:linear,123,5,8,1
18,3.582231,3.836956,0.3,12,25,0.8,0.5,0.5,rmse,reg:linear,123,5,8,1
