iter,train_rmse,valid_rmse,eta,max_depth,min_child_weight,gamma,subsample,colsample_bytree,eval_metric,objective,seed,nfold,nthread,silent
78,3.743848,3.773282,0.1,5,17,0.7,0.5,0.5,rmse,reg:linear,123,5,8,1
75,3.747681,3.77417,0.1,5,17,0.7,0.5,0.5,rmse,reg:linear,123,5,8,1
68,3.752917,3.776194,0.1,5,18,0.7,0.5,0.5,rmse,reg:linear,123,5,8,1
77,3.747893,3.775338,0.1,5,18,0.7,0.5,0.5,rmse,reg:linear,123,5,8,1
67,3.753001,3.777062,0.1,5,19,0.7,0.5,0.5,rmse,reg:linear,123,5,8,1
79,3.742573,3.778001,0.1,5,19,0.7,0.5,0.5,rmse,reg:linear,123,5,8,1
83,3.740329,3.775343,0.1,5,17,1,0.5,0.5,rmse,reg:linear,123,5,8,1
72,3.750922,3.775504,0.1,5,17,1,0.5,0.5,rmse,reg:linear,123,5,8,1
68,3.747638,3.777192,0.1,5,18,1,0.5,0.5,rmse,reg:linear,123,5,8,1
77,3.744095,3.778056,0.1,5,18,1,0.5,0.5,rmse,reg:linear,123,5,8,1
83,3.738541,3.775388,0.1,5,19,1,0.5,0.5,rmse,reg:linear,123,5,8,1
75,3.74569,3.777625,0.1,5,19,1,0.5,0.5,rmse,reg:linear,123,5,8,1
67,3.748225,3.776746,0.1,5,17,1.2,0.5,0.5,rmse,reg:linear,123,5,8,1
74,3.75045,3.776658,0.1,5,17,1.2,0.5,0.5,rmse,reg:linear,123,5,8,1
77,3.746763,3.775633,0.1,5,18,1.2,0.5,0.5,rmse,reg:linear,123,5,8,1
82,3.741205,3.775952,0.1,5,18,1.2,0.5,0.5,rmse,reg:linear,123,5,8,1
98,3.733647,3.777406,0.1,5,19,1.2,0.5,0.5,rmse,reg:linear,123,5,8,1
75,3.747272,3.775798,0.1,5,19,1.2,0.5,0.5,rmse,reg:linear,123,5,8,1
